0 0.326797 0.679842 0.437909 0.632411 0.519988
0 0.474401 0.566206 0.397603 0.863636 0.632743
0 0.872549 0.48419 0.254902 0.968379 0.689936
0 0.101307 0.5583 0.202614 0.812253 0.692992
0 0.757081 0.602767 0.350763 0.754941 0.745777
1 0.971133 0.951581 0.0555556 0.0968379 0.00567086
1 0.135621 0.451581 0.0882353 0.365613 0.83449
1 0.873638 0.222332 0.0936819 0.22332 0.867294
1 0.666122 0.555336 0.114379 0.304348 0.894973
1 0.505447 0.416996 0.122004 0.264822 0.899352
1 0.286492 0.605731 0.0915033 0.290514 0.911329
1 0.978758 0.466403 0.0424837 0.189723 0.00553656
0 0.436274 0.992095 0.149237 0.0158103 0.00580822
0 0.955338 0.628458 0.08061 0.359684 0.00612302
0 0.287037 0.00197628 0.0947712 0.00395257 0.00620985
0 0.28268 0.995059 0.0947712 0.00988142 0.00625388
1 0.980937 0.693676 0.0381264 0.181818 0.00655554
1 0.950436 0.482213 0.0991285 0.280632 0.00715737
0 0.288671 0.959486 0.117647 0.0810277 0.00750007
1 0.955338 0.629447 0.0718954 0.322134 0.00806058
0 0.184641 0.562253 0.149237 0.393281 0.00880811
0 0.364924 0.95751 0.0980392 0.0849802 0.0191225
0 0.290305 0.986166 0.157952 0.027668 0.0222215
0 0.363834 0.988142 0.143791 0.0237154 0.0272078
1 0.970044 0.529644 0.0599129 0.27668 0.384203
0 0.0909586 0.485178 0.168845 0.579051 0.670244
0 0.258715 0.56917 0.175381 0.422925 0.825446
0 0.489107 0.369565 0.180828 0.442688 0.878632
0 0.861111 0.176877 0.164488 0.337945 0.883739
0 0.6939 0.488142 0.233115 0.557312 0.904779
0 0.979303 0.613636 0.0413943 0.579051 0.013612
0 0.0942266 0.41996 0.186275 0.472332 0.922518
0 0.25817 0.5583 0.1939 0.456522 0.9417
0 0.688998 0.488142 0.229847 0.537549 0.942317
0 0.858388 0.181818 0.167756 0.351779 0.944467
0 0.488562 0.355731 0.197168 0.458498 0.952886
