0 0.326797 0.679842 0.437909 0.632411 0.519988
0 0.474401 0.566206 0.397603 0.863636 0.632743
0 0.872549 0.48419 0.254902 0.968379 0.689936
0 0.101307 0.5583 0.202614 0.812253 0.692992
0 0.757081 0.602767 0.350763 0.754941 0.745777
1 0.971133 0.951581 0.0555556 0.0968379 0.00567086
1 0.135621 0.451581 0.0882353 0.365613 0.83449
1 0.873638 0.222332 0.0936819 0.22332 0.867294
1 0.666122 0.555336 0.114379 0.304348 0.894973
1 0.505447 0.416996 0.122004 0.264822 0.899352
1 0.286492 0.605731 0.0915033 0.290514 0.911329
1 0.978758 0.466403 0.0424837 0.189723 0.00553656
0 0.436274 0.992095 0.149237 0.0158103 0.00580822
0 0.955338 0.628458 0.08061 0.359684 0.00612302
0 0.287037 0.00197628 0.0947712 0.00395257 0.00620985
0 0.28268 0.995059 0.0947712 0.00988142 0.00625388
1 0.980937 0.693676 0.0381264 0.181818 0.00655554
1 0.950436 0.482213 0.0991285 0.280632 0.00715737
0 0.288671 0.959486 0.117647 0.0810277 0.00750007
1 0.955338 0.629447 0.0718954 0.322134 0.00806058
0 0.184641 0.562253 0.149237 0.393281 0.00880811
0 0.364924 0.95751 0.0980392 0.0849802 0.0191225
0 0.290305 0.986166 0.157952 0.027668 0.0222215
0 0.363834 0.988142 0.143791 0.0237154 0.0272078
1 0.970044 0.529644 0.0599129 0.27668 0.384203
0 0.0909586 0.485178 0.168845 0.579051 0.670244
0 0.258715 0.56917 0.175381 0.422925 0.825446
0 0.489107 0.369565 0.180828 0.442688 0.878632
0 0.861111 0.176877 0.164488 0.337945 0.883739
0 0.6939 0.488142 0.233115 0.557312 0.904779
0 0.979303 0.613636 0.0413943 0.579051 0.013612
0 0.0942266 0.41996 0.186275 0.472332 0.922518
0 0.25817 0.5583 0.1939 0.456522 0.9417
0 0.688998 0.488142 0.229847 0.537549 0.942317
0 0.858388 0.181818 0.167756 0.351779 0.944467
0 0.488562 0.355731 0.197168 0.458498 0.952886
7 0.755859 0.21875 0.285156 0.163194
2 0.751302 0.21441 0.286458 0.164931
1 0.466146 0.472222 0.559896 0.538194
16 0.288411 0.661458 0.233073 0.559028
7 0.755859 0.21875 0.285156 0.163194 0.538129
2 0.751302 0.21441 0.286458 0.164931 0.581995
1 0.466146 0.472222 0.559896 0.538194 0.609804
16 0.288411 0.661458 0.233073 0.559028 0.913512
7 0.755859 0.21875 0.285156 0.163194 0.538129
2 0.751302 0.21441 0.286458 0.164931 0.581995
1 0.466146 0.472222 0.559896 0.538194 0.609804
16 0.288411 0.661458 0.233073 0.559028 0.913512
7 0.755859 0.21875 0.285156 0.163194 0.538129
2 0.751302 0.21441 0.286458 0.164931 0.581995
1 0.466146 0.472222 0.559896 0.538194 0.609804
16 0.288411 0.661458 0.233073 0.559028 0.913512
7 0.755859 0.21875 0.285156 0.163194 0.538129
2 0.751302 0.21441 0.286458 0.164931 0.581995
1 0.466146 0.472222 0.559896 0.538194 0.609804
16 0.288411 0.661458 0.233073 0.559028 0.913512
2 0.904297 0.234375 0.0585938 0.0763889 0.0050115
16 0.382812 0.635417 0.661458 0.621528 0.00504879
13 0.575521 0.220486 0.0598958 0.0590278 0.00507141
0 0.959635 0.80816 0.0807292 0.383681 0.00527898
58 0.0742188 0.190104 0.0677083 0.258681 0.00585993
73 0.966146 0.469618 0.0677083 0.0503472 0.00593773
58 0.130208 0.136285 0.03125 0.0295139 0.00721909
62 0.966797 0.24566 0.0664062 0.480903 0.00844855
1 0.395182 0.632812 0.735677 0.605903 0.00896953
58 0.0872396 0.181424 0.0286458 0.0746528 0.00943753
16 0.297526 0.476562 0.300781 0.453125 0.00945381
13 0.959635 0.818576 0.078125 0.362847 0.00974954
1 0.257161 0.30816 0.154948 0.126736 0.010925
25 0.960286 0.817708 0.0768229 0.361111 0.0110843
59 0.960286 0.81684 0.0794271 0.362847 0.0114008
25 0.968099 0.240451 0.0638021 0.463542 0.0124727
62 0.0527344 0.215278 0.102865 0.423611 0.0125679
13 0.91276 0.234375 0.0416667 0.0694444 0.0164605
0 0.967448 0.242188 0.0651042 0.463542 0.0165584
0 0.789714 0.196181 0.0221354 0.0277778 0.0174685
61 0.959635 0.818576 0.0807292 0.352431 0.0189257
58 0.0533854 0.217882 0.106771 0.435764 0.0203273
13 0.554036 0.229167 0.113281 0.0763889 0.0254447
1 0.231771 0.532118 0.135417 0.237847 0.0313228
58 0.910807 0.230903 0.0455729 0.0798611 0.0316489
2 0.130859 0.137153 0.0299479 0.0243056 0.0345429
58 0.969401 0.230903 0.0611979 0.454861 0.034714
0 0.959635 0.137153 0.0260417 0.0277778 0.0360031
1 0.27474 0.453125 0.221354 0.409722 0.12314
58 0.10612 0.189236 0.0664062 0.0902778 0.191433
7 0.755859 0.21875 0.285156 0.163194 0.538129
2 0.751302 0.21441 0.286458 0.164931 0.581995
1 0.466146 0.472222 0.559896 0.538194 0.609804
16 0.288411 0.661458 0.233073 0.559028 0.913512
2 0.904297 0.234375 0.0585938 0.0763889 0.0050115
16 0.382812 0.635417 0.661458 0.621528 0.00504879
13 0.575521 0.220486 0.0598958 0.0590278 0.00507141
0 0.959635 0.80816 0.0807292 0.383681 0.00527898
58 0.0742188 0.190104 0.0677083 0.258681 0.00585993
73 0.966146 0.469618 0.0677083 0.0503472 0.00593773
58 0.130208 0.136285 0.03125 0.0295139 0.00721909
62 0.966797 0.24566 0.0664062 0.480903 0.00844855
1 0.395182 0.632812 0.735677 0.605903 0.00896953
58 0.0872396 0.181424 0.0286458 0.0746528 0.00943753
16 0.297526 0.476562 0.300781 0.453125 0.00945381
13 0.959635 0.818576 0.078125 0.362847 0.00974954
1 0.257161 0.30816 0.154948 0.126736 0.010925
25 0.960286 0.817708 0.0768229 0.361111 0.0110843
59 0.960286 0.81684 0.0794271 0.362847 0.0114008
25 0.968099 0.240451 0.0638021 0.463542 0.0124727
62 0.0527344 0.215278 0.102865 0.423611 0.0125679
13 0.91276 0.234375 0.0416667 0.0694444 0.0164605
0 0.967448 0.242188 0.0651042 0.463542 0.0165584
0 0.789714 0.196181 0.0221354 0.0277778 0.0174685
61 0.959635 0.818576 0.0807292 0.352431 0.0189257
58 0.0533854 0.217882 0.106771 0.435764 0.0203273
13 0.554036 0.229167 0.113281 0.0763889 0.0254447
1 0.231771 0.532118 0.135417 0.237847 0.0313228
58 0.910807 0.230903 0.0455729 0.0798611 0.0316489
2 0.130859 0.137153 0.0299479 0.0243056 0.0345429
58 0.969401 0.230903 0.0611979 0.454861 0.034714
0 0.959635 0.137153 0.0260417 0.0277778 0.0360031
1 0.27474 0.453125 0.221354 0.409722 0.12314
58 0.10612 0.189236 0.0664062 0.0902778 0.191433
7 0.755859 0.21875 0.285156 0.163194 0.538129
2 0.751302 0.21441 0.286458 0.164931 0.581995
1 0.466146 0.472222 0.559896 0.538194 0.609804
16 0.288411 0.661458 0.233073 0.559028 0.913512
7 0.755859 0.21875 0.285156 0.163194
2 0.751302 0.21441 0.286458 0.164931
1 0.466146 0.472222 0.559896 0.538194
16 0.288411 0.661458 0.233073 0.559028
7 0.755859 0.21875 0.285156 0.163194 0.538129
2 0.751302 0.21441 0.286458 0.164931 0.581995
1 0.466146 0.472222 0.559896 0.538194 0.609804
16 0.288411 0.661458 0.233073 0.559028 0.913512
7 0.755859 0.21875 0.285156 0.163194 0.538129
2 0.751302 0.21441 0.286458 0.164931 0.581995
1 0.466146 0.472222 0.559896 0.538194 0.609804
16 0.288411 0.661458 0.233073 0.559028 0.913512
16 0.289714 0.666667 0.220052 0.569444
7 0.757161 0.213542 0.298177 0.159722
16 0.289714 0.666667 0.220052 0.569444 0.705381
7 0.757161 0.213542 0.298177 0.159722 0.809618
16 0.289714 0.666667 0.220052 0.569444 0.705381
7 0.757161 0.213542 0.298177 0.159722 0.809618
16 0.289714 0.666667 0.220052 0.569444
7 0.757161 0.213542 0.298177 0.159722
